Filename,Barking,Howling,Crying,COSmoke,GlassBreaking,Other
public_00001,0.013442066559270494,0.9239708621062116,0.013856835952453206,0.019393514471629816,0.01378249548287138,0.01555422542756371
public_00002,0.0005679508756682006,0.0005219058478007041,0.0008545413819824631,0.00048221280293156394,0.000489534111284788,0.9970838549803323
public_00003,0.7110291224562303,0.05044587822038596,0.07255542789422871,0.05939504247767146,0.05179714873859108,0.054777380212892274
public_00004,0.045248348625678995,0.04646396959968512,0.04614621056595188,0.045391255789120975,0.04780829965750286,0.7689419157620602
public_00005,0.00778061344789053,0.009884447328656032,0.9581103784560145,0.005887117828384353,0.008393753123088925,0.009943689815965596
public_00006,0.030527358788940084,0.6263008530648367,0.2303771288846922,0.030019087888972836,0.032227791163760934,0.050547780208797306
public_00007,0.11369325343920843,0.1250633468479473,0.30741879610401096,0.20607449956435103,0.11963414976427564,0.12811595428020664
public_00008,0.004929797562265659,0.05433329676525134,0.006624379843704545,0.9236206051828774,0.00507996688597091,0.005411953759930152
public_00009,0.00047406258298688585,0.0004953110915348755,0.9975690301916607,0.0004587699619050949,0.0004881641348294484,0.0005146620370833012
public_00010,0.00047849391869830973,0.0004750141181627445,0.0007299796351437265,0.00046096250579342297,0.0004926211415102428,0.9973629286806915
public_00011,0.019447482179854998,0.8338043623190629,0.059258150628443605,0.04272608000856167,0.01905151967370092,0.025712405190375962
public_00012,0.05736203247758769,0.9018928310771571,0.007071152457377899,0.02001560956745579,0.006711594463902744,0.006946779956518733
public_00013,0.000934401928080091,0.9947452815207249,0.0014348279484169622,0.0009233177287522114,0.0009595280658294626,0.0010026428081964793
public_00014,0.062558826298475,0.06230811760711774,0.06243910738985475,0.05990780127096086,0.06462298078852173,0.6881631666450699
public_00015,0.019024380672218028,0.09133368281041346,0.01874737585759984,0.03501418090450616,0.019550432953201982,0.8163299468020604
public_00016,0.49265223785996903,0.060191867119133345,0.07373204565180061,0.25805076780135466,0.05636716032141166,0.059005921246330716
public_00017,0.00341278404694288,0.9824545893351602,0.0032245438436677076,0.00315537541091113,0.0034221855959606015,0.004330521767357696
public_00018,0.9955241223945885,0.0009969260514098473,0.0008729819398046643,0.0007974711475168956,0.000852910654765535,0.0009555878119146007
public_00019,0.041129522878768796,0.04054485539765061,0.046532758852226144,0.03922024158765974,0.04226561823070011,0.7903070030529946
public_00020,0.00607946585574231,0.006079817295870595,0.006004400418471244,0.9689722755649008,0.006314157405637218,0.006549883459377814
public_00021,0.010665988837386233,0.9003721964485499,0.04982331228872343,0.010314864198284417,0.010964238828594671,0.017859399398461377
public_00022,0.022586188296200824,0.7459989719690422,0.028790317397697395,0.021734853219529036,0.023220112825282958,0.1576695562922476
public_00023,0.27161840685732463,0.12134553269881371,0.11895830736868383,0.13354773731201924,0.12422844221640139,0.23030157354675718
public_00024,0.0963979511841266,0.08471207743376521,0.2091031761885246,0.12516245917115287,0.40212531256543255,0.08249902345699821
public_00025,0.05244106197181556,0.08975515080249467,0.07510693330943286,0.04830637955722801,0.05223768570354953,0.6821527886554792
public_00026,0.018480795822062746,0.8830025162418537,0.022665902935297216,0.017854610197160937,0.019291142696717625,0.038705032106907816
public_00027,0.02459218935714868,0.02425098294956277,0.04840858335068961,0.8510374528772647,0.025246461573918126,0.026464329891416186
public_00028,0.06411437504380887,0.058977868505484504,0.06014963539314226,0.05884369036976855,0.06118554519096554,0.6967288854968303
public_00029,0.03890082345335306,0.6209962930924978,0.03146793172324325,0.06589632503589866,0.029533919066696404,0.21320470762831067
public_00030,0.002074776644009574,0.002896968992481158,0.002219036891757878,0.9880722011089021,0.0021529616771906236,0.002584054685658678
public_00031,0.0006219461471476654,0.0006165489299446065,0.0007177559031402699,0.0005961370349389987,0.0006396386235568458,0.9968079733612716
public_00032,0.1264325461146497,0.15691634018630518,0.24744329066577278,0.1331182960764801,0.13538877420113596,0.20070075275565633
public_00033,0.0491250334728635,0.4134153064483761,0.34775353298982215,0.04738933068632771,0.050021598213319265,0.09229519818929127
public_00034,0.5100533663782676,0.025738517377294545,0.025252833382232887,0.20397769602001747,0.025968103819482825,0.20900948302270453
public_00035,0.007465942110833165,0.013886108552820815,0.9604765716011027,0.005722041123510244,0.006060246205245912,0.006389090406487221
public_00036,0.46646268330216417,0.16156105001080676,0.09180816038056447,0.0869952258155504,0.09198728812761371,0.10118559236330048
public_00037,0.1521459587572661,0.08654418720193048,0.08679920653772888,0.08426090061005823,0.08938762272123245,0.5008621241717839
public_00038,0.01901052803336332,0.018692980005835316,0.8882358642994906,0.018058368713263374,0.036226107291325374,0.019776151656722078
public_00039,0.0865100622935215,0.10097303983973933,0.5573852348805345,0.0794673102444571,0.08410057616109572,0.0915637765806518
public_00040,0.037890205317915905,0.7786460753909581,0.040944863043232485,0.04375861614801372,0.03839466366616044,0.060365576433719245
public_00041,0.001211807241319828,0.0012897573512956977,0.0019301739454845113,0.992959201700649,0.0012459251943915466,0.001363134566859323
public_00042,0.00047687976160184223,0.0004751188774137041,0.0005725322047377649,0.0004606435239871528,0.9974987723975487,0.0005160532347108322
public_00043,0.036697493960910335,0.034745030274809414,0.034237417070106115,0.036707119786768425,0.036043226817097034,0.8215697120903086
public_00044,0.0005460689996818713,0.0005712578463956185,0.0005691845766714272,0.0005631871440878272,0.0005660963220997252,0.9971842051110635
public_00045,0.0008674323255097052,0.9952426649507916,0.0012138694298558096,0.0008418241546036618,0.0008960722188464975,0.0009381369203925935
public_00046,0.0004269291502254347,0.00042283259332176134,0.00045519842902518216,0.0005670079296955097,0.0004392951863280904,0.997688736711404
public_00047,0.01911531978206993,0.040652403191470454,0.027517957731701657,0.7922819479924844,0.01972690457518019,0.10070546672709348
public_00048,0.0008209302069750856,0.9961552464700514,0.0006463553973609208,0.0006125506012656991,0.0007753384758960579,0.0009895788484511126
public_00049,0.03149453031546287,0.03225661769700977,0.8348026153114614,0.033081284736186725,0.03248741585218013,0.0358775360876992
public_00050,0.0005658511952774306,0.9973067688951113,0.000531627486212518,0.0004971151593317019,0.0005292432852385049,0.0005693939788284564
public_00051,0.015074213034223226,0.4961982145031075,0.1078228050063064,0.014617862828594038,0.015612208022485013,0.35067469660528366
public_00052,0.014552161446360106,0.6682171886782761,0.015114121819313792,0.2707353739985004,0.014990484976987628,0.016390669080562095
public_00053,0.004775064497906093,0.006185856193376072,0.0046047363667798425,0.9694632756631133,0.004929404699698584,0.010041662579126044
public_00054,0.026174125281251806,0.02652117113271579,0.8663966504752731,0.025756058642155372,0.026721687379632753,0.028430307088971294
public_00055,0.030540318878732434,0.030068266441824674,0.04023167197843186,0.027896030037519646,0.02982772875191382,0.8414359839115777
public_00056,0.06072230133571209,0.004257358768049363,0.005104898195608079,0.008143971287679316,0.9141104095979101,0.007661060815040855
public_00057,0.014378900343532803,0.7025448186649774,0.01064135318545637,0.06355794460457292,0.010502078464607136,0.19837490473685318
public_00058,0.06848289077610047,0.1293229681258212,0.09766982475659491,0.07368973116833513,0.07301881623454047,0.5578157689386078
public_00059,0.000662322823187197,0.9961388856665117,0.0007616057743294083,0.000639047686501286,0.0006842565470845612,0.001113881502385871
public_00060,0.0006890377083138028,0.0011704629926983109,0.9959648041875636,0.0006670277882994441,0.000692884865156129,0.0008157824579686178
public_00061,0.0017345085161426066,0.0019005153972590858,0.001874061062275317,0.0017512822029332926,0.0017716648739166919,0.9909679679474731
public_00062,0.023298235833821023,0.03217783310151292,0.8370698075606358,0.023524419565516607,0.024977523654787524,0.05895218028372634
public_00063,0.9022465218845495,0.03689006146150993,0.009923963705710994,0.02876674611988449,0.010379174955652572,0.011793531872692619
public_00064,0.019662843526674516,0.8895685437124465,0.02004370736088872,0.028724556506421008,0.019661538743355397,0.022338810150213877
public_00065,0.7177351471491908,0.02703179803428264,0.044866055328552985,0.026514482410895476,0.15437945082543286,0.02947306625164514
public_00066,0.0007376787313213126,0.9967072017113565,0.0006541041896824488,0.0005977728851356208,0.0006490655173558684,0.0006541769651483322
public_00067,0.000521661000784766,0.996831619649845,0.0005443619285970433,0.0006815003268246246,0.0005267375737845558,0.0008941195201638829
public_00068,0.022321017753939448,0.02217081152939121,0.028312567442348224,0.7390002623382727,0.022758284217775177,0.16543705671827327
public_00069,0.9739840847950929,0.005194077519288466,0.005385194952253998,0.004762937642948654,0.0050770913560799266,0.005596613734336095
public_00070,0.001180839398466242,0.0011737973351082297,0.0011617245242446013,0.9933002639786755,0.0012206537594975108,0.001962721004007844
public_00071,0.0011956386459974066,0.7617849827002916,0.2331650070383944,0.0012108845289006893,0.0013020195409830027,0.0013414675454329233
public_00072,0.011508906567562838,0.11292939708816459,0.8333621108677781,0.010983786806035121,0.011788275667579713,0.019427523002879647
public_00073,0.08278430331764772,0.15079414658826568,0.19497219373208152,0.07971278624477456,0.08526365228418549,0.40647291783304496
public_00074,0.0009634243659754112,0.9949701535964098,0.0011308027452402623,0.000925908611178421,0.0009938652504753805,0.0010158454307206204
public_00075,0.0005537654947664552,0.9970649434857585,0.0005416860410732673,0.0006501022097669874,0.0005694139886283947,0.00062008878000625
public_00076,0.1097696118308244,0.21720220598551532,0.3192165386876413,0.11587086470572769,0.11709509855620133,0.12084568023408992
public_00077,0.000776872360902022,0.0027064177308796906,0.0015501480297027686,0.0007432807411842687,0.0007958582977684291,0.9934274228395628
public_00078,0.048145762950246224,0.12689494681075103,0.19684451519853804,0.05057274348247388,0.049477089501515255,0.5280649420564756
public_00079,0.0005975389269041579,0.9967728034468472,0.0006777420697929037,0.0005760777230906088,0.0006144736623264619,0.0007613641710387672
public_00080,0.016344623771153644,0.010794136612025489,0.011552725244662096,0.011808849695081143,0.011186113129783824,0.9383135515472938
public_00081,0.0005143247239455318,0.0010013563454157235,0.9968278999802591,0.0004996918116308315,0.0005302537782623394,0.0006264733604865071
public_00082,0.0012917165459163471,0.0012187868219706622,0.0057290127265360305,0.0011723891603518245,0.0012519010229251563,0.9893361937223001
public_00083,0.02468114510728544,0.026006091891432593,0.26354950196902976,0.6312610202631154,0.026749270285068617,0.027752970484068266
public_00084,0.000567724693410467,0.9971388825051427,0.0005508773496780574,0.000548131251047703,0.0005836655385290643,0.0006107186621920896
public_00085,0.004267161073555584,0.9748983217614513,0.0068914553785553515,0.004068056486523533,0.004389925997559442,0.00548507930235482
public_00086,0.00201991159452072,0.9830984811383973,0.0023616511266534093,0.0019392640853557559,0.0020779771652725187,0.008502714889800428
public_00087,0.49752025969165625,0.0642826287328062,0.03866937799279501,0.1258283611973281,0.0455851852950499,0.22811418709036455
public_00088,0.001501521951181459,0.965650386732776,0.0018204839145819897,0.0018780652811085533,0.0015510449126490912,0.027598497207703045
public_00089,0.19143284227724022,0.12887387454771296,0.09872022681859606,0.16531427157773348,0.08170204946476553,0.3339567353139516
public_00090,0.0007876679680958307,0.9960094353395897,0.0007866810695761983,0.000759726655994325,0.0008093793915465846,0.0008471095751973202
public_00091,0.22389475767178862,0.14812232305839604,0.15438442094888444,0.15097075470252164,0.15166088011403547,0.1709668635043737
public_00092,0.1360365176895113,0.15833203671681792,0.2782146050374884,0.13979800973089693,0.14119775469400447,0.14642107613128097
public_00093,0.9976340980935682,0.0004682075422004689,0.00046076532963646696,0.0004499797431482816,0.0004841266419564577,0.0005028226494899722
public_00094,0.10045436795452682,0.06559602510479072,0.15629446388596469,0.5371498803268278,0.06515496139974027,0.07535030132814992
public_00095,0.0004806922560209277,0.0005097520963253906,0.9975383607630504,0.00046317786470214555,0.0004919618004310701,0.0005160552194702191
public_00096,0.00043132241470831347,0.003917066596842325,0.0004753027359196821,0.0005721557338517386,0.00044325843338132137,0.9941608940852967
public_00097,0.024873828283931615,0.0248161992185911,0.035805245170617526,0.0256249170371368,0.02569679414828956,0.8631830161414333
public_00098,0.11396340800788458,0.17530500225060028,0.24152186622147417,0.19183826280260144,0.11702970226279115,0.16034175845464835
public_00099,0.00205308538688361,0.004843568747569083,0.9850844365189455,0.002097517459269737,0.0022270130435224932,0.0036943788438097043
public_00100,0.853959632828652,0.02451224548553181,0.02742076251682943,0.023634628589214952,0.024955100036272305,0.04551763054349941
public_00101,0.01029912313825801,0.8599349099632955,0.09826103276710099,0.009896870569192954,0.010559150668461227,0.011048912893691115
public_00102,0.0006701610182084112,0.9949337351327018,0.000824949034828963,0.0021423752292860174,0.0006838942950938781,0.0007448852898808053
public_00103,0.010353505456151381,0.9274049388831748,0.023329068651243432,0.01701209143488031,0.010407246674459652,0.011493148900090348
public_00104,0.000620691827651975,0.0006177410564391263,0.0006637872833893723,0.0005975040008174733,0.0006383210504320078,0.9968619547812702
public_00105,0.09155944816154823,0.08213651089690249,0.08329365044221351,0.359700310225734,0.08343873749553814,0.2998713427780637
public_00106,0.0004878607930740893,0.9974610987916782,0.0005536784641999713,0.0004710349415198176,0.0005016720770444779,0.000524654932483421
public_00107,0.8882741385967794,0.011667866385523034,0.0655346572173279,0.011039197829396366,0.01127995114254532,0.012204188828427803
public_00108,0.031353867181792144,0.7490256818563424,0.06999299592011547,0.05777645853938371,0.03335401950654868,0.05849697699581748
public_00109,0.01459075361135436,0.047261266325654284,0.019838677819599002,0.014871584540975936,0.015099643124658672,0.8883380745777578
public_00110,0.0009691492145414695,0.9951064713541913,0.0009549410785260333,0.0009323890515189852,0.0009968612265942294,0.0010401880746279404
public_00111,0.0030265847436660625,0.003014155167352494,0.003688762480265363,0.002917680618864596,0.0031095357617666533,0.9842432812280848
public_00112,0.02439552253166389,0.022725642273566406,0.035120667944172713,0.022413795257297198,0.023915575964392845,0.871428796028907
public_00113,0.0005025208189311358,0.0006059478647152647,0.0004899621655129076,0.9972715808001616,0.0005217506916676166,0.0006082376590115689
public_00114,0.008018192428472607,0.9509516672989136,0.009857615400617907,0.014238226037691995,0.008283532444803178,0.00865076638950067
public_00115,0.001091105715135742,0.9945075814522848,0.0010661030129087805,0.0010448267014753938,0.001121352144621529,0.0011690309735738168
public_00116,0.03249976596971124,0.09369781754656091,0.09332448660457342,0.7121576180610086,0.0334482567395038,0.03487205507864195
public_00117,0.013805986563482715,0.013536863227620335,0.017354037294842004,0.014139886856140082,0.014264321212650685,0.9268989048452642
public_00118,0.0333917904031699,0.797270372084534,0.03276056452873121,0.0321524827146726,0.034450709165381906,0.06997408110351037
public_00119,0.010213175912924814,0.8846591369855771,0.01285948860622994,0.00989746357203002,0.01058539650677128,0.07178533841646678
public_00120,0.9621412306887474,0.007953720297001312,0.010088587989931386,0.006216927234673604,0.0066419922865579625,0.00695754150308847
public_00121,0.0020086359569799544,0.9755232822457647,0.01640783326829417,0.001914278780849972,0.002063418206317483,0.0020825515417937164
public_00122,0.0007844869968514081,0.9960184464419068,0.0007892394844266859,0.0007579624494328131,0.0008062842651794923,0.0008435803622028041
public_00123,0.996848546124292,0.0006424020282813747,0.0006050220827137736,0.0006211164824650398,0.000628323324309195,0.000654589957938693
public_00124,0.9954282864140063,0.0005587943021020296,0.000550430588939493,0.0009512568848799926,0.0019394105079966334,0.0005718213020757422
public_00125,0.08995911730201789,0.4065444523601342,0.15088167993909235,0.09029558455693258,0.09607403399439758,0.16624513184742554
public_00126,0.9744956190133673,0.004981595937282923,0.0049109005087202345,0.005088889681503879,0.005165914270949022,0.005357080588176561
public_00127,0.0845848985550972,0.08864392452826308,0.08729421458532499,0.09473240326472632,0.09051815086108404,0.5542264082055044
public_00128,0.09853926533108166,0.13180717683002252,0.09983780238779606,0.4369469479881611,0.10207282250310168,0.13079598495983694
public_00129,0.022991155819453827,0.023751421381759587,0.02343946199013111,0.024475947805773154,0.02449205351371264,0.8808499594891697
public_00130,0.009680363503488821,0.11778762578874108,0.01080941462900944,0.011882754186630654,0.010005228816465182,0.8398346130756648
public_00131,0.031127286411574445,0.33467442492053856,0.054754470148842445,0.03818691386212266,0.03178845339587814,0.5094684512610439
public_00132,0.9976268087518587,0.0004574814123056846,0.0004787901807830779,0.00046860940399191716,0.0004719668153022381,0.0004963434357585181
public_00133,0.0005832435738157715,0.9964156473499951,0.0011921053846307155,0.0005617850681053309,0.0005989044039682856,0.0006483142194849955
public_00134,0.00047796545460536345,0.0004918401375213837,0.9975558870501082,0.0004627491979278679,0.0004923906862779227,0.0005191674735590407
public_00135,0.0021905763784293257,0.007103674130415984,0.9840219770993934,0.0020968541428067235,0.002247808629831418,0.002339109619123453
public_00136,0.00650275377261969,0.9257258324650417,0.006380233513252824,0.0242458706567385,0.006718314911918881,0.030426994680428362
public_00137,0.7786498142498017,0.04344200618608684,0.04283800269487653,0.044881865124898994,0.043658096378743474,0.046530215365592306
public_00138,0.02546251844654747,0.026791686586842712,0.02889847601155103,0.024435016282507906,0.026192932768578984,0.8682193699039719
public_00139,0.01362490501894972,0.013492402002641063,0.013319627806130045,0.013931773723428176,0.014023319272599357,0.9316079721762517
public_00140,0.03390072045084201,0.03379139306089191,0.03315360894013421,0.03256795854510817,0.0346441923252315,0.8319421266777922
public_00141,0.1157943005733254,0.34843871974646057,0.14594428940275048,0.1453223774702721,0.12081806215961553,0.12368225064757593
public_00142,0.0013408076018765831,0.004589182520149837,0.0013087267888780313,0.0041266098233478325,0.0013718518329024602,0.9872628214328454
public_00143,0.015274135871901554,0.8585586995701834,0.07711586859731853,0.014787119728867308,0.01582628280118703,0.018437893430542345
public_00144,0.10004054676233362,0.8342338161282109,0.030448623865095416,0.011056225161233878,0.011772126568991728,0.012448661514134311
public_00145,0.00047544169194761314,0.9975970962340183,0.00046407190276295834,0.0004591725151514915,0.0004887077244198694,0.0005155099317000647
public_00146,0.0069376852145075964,0.9836035709696903,0.005120440811415428,0.001365043603791859,0.0014578640886158643,0.001515395311979039
public_00147,0.6131652919490612,0.07875549165134332,0.10845652968796561,0.06554227665544504,0.06563113986836873,0.068449270187816
public_00148,0.14093346577377755,0.2400790241790475,0.19346666975059423,0.1190465461006931,0.11927280813784258,0.1872014860580451
public_00149,0.007055843951700489,0.9438142408594168,0.02756559715100084,0.006811391182728532,0.007253008522870391,0.007499918332282877
public_00150,0.0859750186910836,0.15205516041490857,0.1956997898977869,0.19658811933250162,0.08799370212311036,0.2816882095406091
public_00151,0.0005567662432691794,0.0005396665627882963,0.9972029064375976,0.0005180993313398678,0.0005585591676109988,0.0006240022573943278
public_00152,0.19240721767536834,0.10104539809724904,0.0995573919151825,0.10474427671183363,0.1043428115525945,0.39790290404777184
public_00153,0.0004950675171697588,0.00059463099304935,0.00048423990658199776,0.9973784298183637,0.0005154463762342917,0.0005321853886007523
public_00154,0.000588013681152694,0.9970502669737226,0.0005805920121968849,0.0005603449218694646,0.0005967309412901534,0.0006240514697679554
public_00155,0.04465371354424617,0.2100833083093721,0.06817770592582385,0.0867505967821988,0.046127817397296704,0.5442068580410623
public_00156,0.005370134708557305,0.009548536095344817,0.0066133717577999684,0.00561071628259806,0.0055260879649439935,0.9673311531907558
public_00157,0.11893352577146907,0.2616542503730622,0.1708542353284263,0.2007880943859417,0.12233449161733458,0.12543540252376617
public_00158,0.014846914401623985,0.8702864518488057,0.020000837344000124,0.015184063567379205,0.015439787110701384,0.06424194572748956
public_00159,0.8688090539140629,0.012772975059118835,0.0398001979264998,0.05532581748646433,0.011294912751578422,0.011997042862275757
public_00160,0.527238436270741,0.06845841198886346,0.07703559394215345,0.056747116104923126,0.05456472697408759,0.21595571471923147
public_00161,0.0007236218309449259,0.0004912919182296268,0.0004938419686543952,0.9964780585229591,0.0005229228413954354,0.001290262917816414
public_00162,0.015761607793736056,0.0014749300879580369,0.0013653301087035144,0.0013915610602821195,0.0013899560236980304,0.9786166149256222
public_00163,0.0016046180449463862,0.9894160237375037,0.00262613141256301,0.001522825560654133,0.001638129475206075,0.0031922717691264734
public_00164,0.0009065353309507764,0.03902578420575051,0.0008518451978682493,0.0015805479115384728,0.0006931487731161648,0.9569421385807758
public_00165,0.08900781251612574,0.1643016564180386,0.1481081189438277,0.23755563443593483,0.09192628186184214,0.26910049582423107
public_00166,0.07850076488534506,0.8313709945015962,0.062113920377992966,0.008186057762589745,0.008649062801005901,0.011179199671470104
public_00167,0.0006021296452532833,0.9962827894698819,0.0006688464172707674,0.0007533669664463131,0.000620995994434839,0.001071871506712941
public_00168,0.10988304255273725,0.30811145847321797,0.17077975134992787,0.18432443763006812,0.11020888294556773,0.11669242704848105
public_00169,0.0010800558902434078,0.9943065804489772,0.0010594886435680026,0.0010354447755549034,0.0011156572410925933,0.0014027730005636983
public_00170,0.0011306949219093056,0.9848081708257005,0.0011886299577214374,0.0027934918318502713,0.0011678120770707793,0.00891120038574768
public_00171,0.0007094983921933566,0.0010986989194046387,0.0007170395028445621,0.0009139837322102621,0.0007306106651797193,0.9958301687881675
public_00172,0.0006122596520026322,0.003626461399804512,0.9937936096536021,0.0006168701541412368,0.0006604584911893648,0.0006903406492601497
public_00173,0.03866581033553489,0.06961319593340078,0.03810693750792159,0.09565583510813191,0.03965802177885138,0.7183001993361594
public_00174,0.004883680836028914,0.7932163744495639,0.0053709196597015296,0.004975966540052351,0.005083611407945276,0.18646944710670804
public_00175,0.0004937297477955294,0.0004990538329834637,0.0005341631654127774,0.0005353978738623517,0.0005098460228014301,0.9974278093571445
public_00176,0.0005132521713429279,0.9971908190445234,0.000535415864330253,0.000638936007094649,0.0005272660448905426,0.0005943108678182967
public_00177,0.01975074237106214,0.020651050929697885,0.07876246027886259,0.8379604541057462,0.020746872752912836,0.022128419561718175
public_00178,0.0005547735275467214,0.9972450482292144,0.0005368179346127931,0.000522880266719322,0.0005575761014227711,0.0005829039404840918
public_00179,0.0007141723717177733,0.0007092750525011762,0.0007657733289054594,0.0007312416275687292,0.0007352979720467652,0.99634423964726
public_00180,0.011164537714431424,0.14279903342744302,0.7991623301525024,0.010827240350196176,0.011384520035317763,0.024662338320109438
public_00181,0.0034564802357840794,0.003045138960092953,0.0037398055917491468,0.003078556507881178,0.0031325840104019015,0.9835474346940908
public_00182,0.9963734755052642,0.000532262107150258,0.0004962277708327519,0.0004941533788744166,0.0015570349253822948,0.000546846312496079
public_00183,0.0006485080903162609,0.9768632220716311,0.0007361818100089681,0.0006200645693133133,0.0006660450771407691,0.020465978381589502
public_00184,0.16982097779814143,0.010705928785163563,0.7857772879647189,0.010399235896526802,0.011142975448637306,0.012153594106811955
public_00185,0.03837547202901901,0.03903601087533568,0.04163080315978392,0.03778932435424219,0.04040494789854363,0.8027634416830756
public_00186,0.04478711589649992,0.04423705534794421,0.08612055348152325,0.7015049512750021,0.04607965496834223,0.07727066903068822
public_00187,0.0007233745153966509,0.0013117216486731842,0.000935310844615519,0.9952903111269404,0.0007390400492934024,0.0010002418150808032
public_00188,0.11820905861514425,0.10965518489741398,0.21691739170528088,0.11166513868405174,0.11179128990811789,0.3317619361899913
public_00189,0.000530041449795302,0.0005279774946517062,0.9972872694534739,0.000515399388986772,0.000535042368097586,0.000604269844994972
public_00190,0.05445876861675258,0.758231335268708,0.04443589138594872,0.04547618786882758,0.046577874212568995,0.05081994264719426
public_00191,0.011197183162450991,0.9851286599510439,0.000940806676164678,0.0008581068651767494,0.0009173302630267835,0.0009579130821369442
public_00192,0.0007657445941881991,0.9955823863913039,0.0007464768417832021,0.0012766342220704807,0.0007878949049177232,0.0008408630457363566
public_00193,0.014101641744413728,0.022805227539510482,0.020235315668825513,0.9099755716535318,0.01473942334096899,0.018142820052749493
public_00194,0.018683058915769903,0.018544407158326063,0.01846126584126362,0.018565577148139126,0.019237517182263,0.9065081737542383
public_00195,0.03973843249555108,0.32908438050093225,0.04034555116917313,0.038242240106146956,0.04104596549605043,0.5115434302321461
public_00196,0.010421320553750443,0.9459560613261371,0.01168893734888387,0.010029100854102899,0.010715795291514946,0.01118878462561098
public_00197,0.010008864272416915,0.010729826900350592,0.01025001782810114,0.009554972543939024,0.010321451182670313,0.949134867272522
public_00198,0.02257168422933608,0.28895198307280334,0.4290869295055039,0.021723665314807666,0.023095309676847947,0.21457042820070107
public_00199,0.9402003594076597,0.011228449410181031,0.01473917808346901,0.01031149785632886,0.010891080038602063,0.012629435203759589
public_00200,0.00302537406011234,0.13299564822486382,0.8545323906986778,0.002909233608378848,0.003097985400211594,0.0034393680077555513
public_00201,0.0006107352820252165,0.9962880241207985,0.0008991853193015241,0.0005860548006914413,0.0006308687897929937,0.0009851316873901806
public_00202,0.10589250380696544,0.07663743878997438,0.5367695149809014,0.06830557814990973,0.07117799000452875,0.14121697426772015
public_00203,0.0860185672486161,0.12377759613225009,0.3164789193087528,0.28208510628198824,0.09309867763003447,0.09854113339835807
public_00204,0.6091472482504534,0.07295290550304534,0.07312311690357418,0.07234767447544413,0.07327573189724115,0.09915332297024171
public_00205,0.06415229549787181,0.08588839703587826,0.6473595410632305,0.06452917719519224,0.0670158207531604,0.07105476845466671
public_00206,0.0005710837147354069,0.0005624096429871151,0.0005679880251842814,0.997085967640957,0.0005984024526093412,0.0006141485235267856
public_00207,0.007768014838101196,0.9362266617618988,0.03222392299455987,0.007501004540027206,0.008007350710791197,0.008273045154621708
public_00208,0.05745298974921432,0.05103977022249351,0.05153148247259241,0.130342924214056,0.05122176888686241,0.6584110644547813
public_00209,0.023352072570088953,0.865555877918545,0.02227992307229415,0.04140394516059233,0.02237759034432551,0.025030590934153912
public_00210,0.0008758352736447342,0.9941180853586271,0.001034491872256739,0.0008395069039394395,0.0008999808703030882,0.002232099721228825
public_00211,0.000801755019533297,0.002608556081705615,0.9941772802814501,0.0007533706417415187,0.0008050541286311488,0.0008539838469383463
public_00212,0.013974754902702021,0.022912374982431163,0.016780914002239893,0.016454328466328955,0.01442621775204193,0.9154514098942561
public_00213,0.0030935990778077674,0.0049527400968787496,0.9825634279061147,0.00296867435490204,0.003080889577951958,0.003340668986344869
public_00214,0.001931376173477195,0.0018565133279621045,0.002344830710042032,0.0018075761285200685,0.9900485720097842,0.002011131650214336
public_00215,0.0004936964201592702,0.9974668713781366,0.0004834930757495088,0.0004783812121410004,0.0005084065231596913,0.0005691513906537981
public_00216,0.012877255215288676,0.9205563790402291,0.022798961743682372,0.013431768430253661,0.013863077744833033,0.016472557825713108
public_00217,0.9734092808116649,0.005041034709592175,0.0049703347150009776,0.0051000103296024715,0.0052221057548346725,0.006257233679304841
public_00218,0.028690112328425665,0.8519964462343254,0.032441801367542954,0.028466751941092654,0.029016745899902507,0.029388142228710994
public_00219,0.0005600239104227352,0.0005598138192083417,0.00057098878099718,0.0006117984322654363,0.0005800785687838719,0.9971172964883225
public_00220,0.9972736349425722,0.0005476603583948072,0.0005256686974812614,0.0005535757779402184,0.0005355138010302028,0.0005639464225813683
public_00221,0.06091551224559331,0.6362402830306152,0.060271851441134776,0.05853827180410806,0.06278343967181933,0.12125064180672931
public_00222,0.9976415460262674,0.00044304433562138785,0.000531313521544517,0.0004277375686201297,0.0004603542039884627,0.000496004343958156
public_00223,0.05020345576260945,0.04761991875987072,0.05971808731786499,0.09826035993450151,0.049418531352986794,0.6947796468721664
public_00224,0.6181746187328502,0.07262232107126822,0.16915747688110133,0.04566415994278979,0.04624598815852245,0.048135435213468095
public_00225,0.07116476843688516,0.07094463602529628,0.09433265137365496,0.06895368213105776,0.07256895985824091,0.622035302174865
public_00226,0.0011061780754016085,0.0006104439163898137,0.0006890764529607085,0.0016092412910156222,0.000616430964419731,0.9953686292998125
public_00227,0.041696693878968606,0.04675118500213265,0.041038036360088195,0.7544526285075449,0.042888951900367414,0.0731725043508982
public_00228,0.01600050793316255,0.3313376747582122,0.5894880028561862,0.016295974399162073,0.01736371461788441,0.02951412543539264
public_00229,0.012168287917969381,0.8455849563050655,0.016610268175736694,0.011787995823034258,0.012582033653042696,0.1012664581251514
public_00230,0.000492860902490841,0.9967381782202592,0.0005652378968230507,0.001149938074917073,0.0005040869598051896,0.0005496979457047458
public_00231,0.021591839086305853,0.8788362609356972,0.023134714123365565,0.0311693628738677,0.02204287471336132,0.02322494826740216
public_00232,0.0011631576357225423,0.0012181924399042063,0.9927432012487922,0.0011996757147271597,0.0023446429137604823,0.001331130047093314
public_00233,0.0004497582654278883,0.0004460546738475941,0.00046613413429481864,0.0004342143732109417,0.9969959205333134,0.001207918019905507
public_00234,0.0017164056692846603,0.001444073457153295,0.0030754632615196953,0.0014679904171299633,0.0014896777759375662,0.9908063894189748
public_00235,0.024921363313737743,0.20614398628728223,0.027528174300254362,0.0304617778457261,0.02558142980451995,0.6853632684484796
public_00236,0.01934873390706733,0.9740141391464612,0.0015775853255899773,0.001812116070560744,0.0015695831952879929,0.0016778423550327434
public_00237,0.022921239813364677,0.8683667756347884,0.035966522148047714,0.023048470716647458,0.023668384787632474,0.0260286068995194
public_00238,0.0007452354161914412,0.9957313807769174,0.00082650225311029,0.000719709224197741,0.0007668476375386021,0.0012103246920446694
public_00239,0.0005086457462327312,0.0005081088211295018,0.0006571594756010185,0.0009240987044781384,0.0005348523173427188,0.996867134935216
public_00240,0.9954868588779504,0.0018136049257027258,0.000890141732249637,0.0005837381207642118,0.0006002089582986542,0.0006254473850343575
public_00241,0.465394270851784,0.20402489268260143,0.1082212829272499,0.06926892097052405,0.07351484830463897,0.07957578426320178
public_00242,0.008940053282958233,0.01762771433377161,0.9458153749056954,0.00887622519826043,0.008809775639368456,0.009930856639945624
public_00243,0.09425605166779505,0.16068842749547207,0.09203971228237051,0.10176122343556974,0.09628865246905303,0.4549659326497396
public_00244,0.007759241284502643,0.8412935164116894,0.12721426331777957,0.0074792996836028245,0.007943160612619593,0.00831051868980603
public_00245,0.001080529831732501,0.0010174866281045462,0.0011704610065455484,0.9944707140538226,0.0010125134324731426,0.0012482950473215895
public_00246,0.001094315370940672,0.9852621983782007,0.001173653066564943,0.0015382427151533747,0.0011301125751204404,0.00980147789401991
public_00247,0.0691430001353121,0.069453758755293,0.08379093595231356,0.06691740585688939,0.0711273639331104,0.6395675353670814
public_00248,0.9362325302137672,0.008239191545508473,0.0316865113449682,0.007764471254072965,0.007812293481953738,0.008265002159729314
public_00249,0.0005816077273806294,0.0005777679266942809,0.0021648686072220937,0.0005849488780012579,0.0005993609900825012,0.9954914458706193
public_00250,0.000636986693957282,0.0004973524775856674,0.997115631770076,0.0004812267926643464,0.0005125709402702658,0.00075623132544648
public_00251,0.0004953813457558048,0.0012620454122212767,0.0004998050971161454,0.00046529666698314235,0.9967286410549963,0.0005488304229272377
public_00252,0.00045262567438166673,0.9976755742188886,0.00045409156331426947,0.00045868048674271595,0.00046334262013000144,0.0004956854365428058
public_00253,0.0017413153103614056,0.0014697776668337371,0.0012304330155116158,0.000876279654561077,0.00094252269133052,0.9937396716614016
public_00254,0.001118068083393798,0.0022848097560208345,0.9931794273932503,0.0010595394909714507,0.001147605051905261,0.0012105502244584327
public_00255,0.0005498466516201954,0.9967794883355248,0.0010562097488259607,0.0005073141371917248,0.0005411863981067746,0.0005659547287306696
public_00256,0.14156794714056786,0.1401908515494546,0.14338898779591464,0.14500492660614325,0.14631805292947325,0.2835292339784464
public_00257,0.29379959830886976,0.10690041355591501,0.1665114758927093,0.18434859486936261,0.1083544294186074,0.14008548795453593
public_00258,0.0007579334832727456,0.0007507821051654435,0.0007408368753675109,0.0007285903837114527,0.000780872792403627,0.9962409843600792
public_00259,0.12917400494431208,0.11963105113799682,0.27875718003819505,0.12212089115674944,0.12226844890485301,0.22804842381789361
public_00260,0.7821875315543905,0.029598575504005416,0.14541876694205194,0.005612405345437091,0.005891388655389705,0.031291331998725386
public_00261,0.0005418298498302524,0.996785133502018,0.0006223295124928864,0.000902922307888901,0.0005578086182827614,0.0005899762094870492
public_00262,0.05440070326832657,0.055760522538141684,0.05477098591542702,0.7177833430217326,0.05796684121672581,0.05931760403964621
public_00263,0.09414847514505068,0.2005367384143413,0.10439946501901175,0.40660056397298566,0.09689931581711478,0.09741544163149575
public_00264,0.0005537375788751473,0.9968578728955014,0.0005408105970409875,0.0005347116901282887,0.0005693911080209156,0.0009434761304333922
public_00265,0.07580577034589885,0.607034189921247,0.0850970326257216,0.07286526383135983,0.07809644167452935,0.08110130160124318
public_00266,0.015005164665218665,0.03640650863284179,0.021483890384679,0.014448318304242227,0.015437334940962246,0.8972187830720562
public_00267,0.012406205735181485,0.0871582396060394,0.01386831096824961,0.021647073445144528,0.012671015150495344,0.8522491550948896
public_00268,0.10453057284164469,0.2858314081171894,0.30526954611077545,0.1003095443154428,0.09893242253239885,0.10512650608254874
public_00269,0.5065025128132538,0.06465966583429371,0.0866456063452271,0.054542461522736625,0.05444062850706055,0.23320912497742832
public_00270,0.0004980232027951037,0.9969026918989834,0.0007598014373312145,0.0004800231019974379,0.0005144343379323025,0.000845026020960446
public_00271,0.995997160155523,0.0007799104919377,0.0007884525524266022,0.0007943834702748481,0.0008016679819640664,0.0008384253478739553
public_00272,0.06297110738694656,0.8947840136087011,0.010715255325524588,0.011431314982103575,0.00991605475659373,0.010182253940130559
public_00273,0.16759733657612175,0.31070331842141563,0.14243353653207144,0.12212402404549551,0.11884659344485837,0.1382951909800372
public_00274,0.0005695703049635668,0.0005568273780801067,0.0006054215950441106,0.9970657817771971,0.0005956965493728696,0.0006067023953424163
public_00275,0.007614739456064606,0.16173269340413995,0.8005956821067246,0.007760376599247841,0.00827121564539425,0.014025292788428824
public_00276,0.5165549301609317,0.09253098403363157,0.09114297386895776,0.09563173436752924,0.09549399683098113,0.10864538073796856
public_00277,0.14784078293772518,0.053702896207397245,0.010547111011464771,0.7594177436279481,0.010710754777094452,0.017780711438370043
public_00278,0.05425438451292685,0.6123397132868856,0.05859981646244581,0.0626949456464243,0.05227333054071326,0.159837809550604
public_00279,0.004578483167144941,0.7583047548473212,0.004772124412953481,0.004831562605125959,0.004240575618739841,0.22327249934871454
public_00280,0.1107311722017089,0.2341764360245676,0.15860799847256118,0.2683859181231096,0.111920565161746,0.11617791001630674
public_00281,0.997360316643242,0.0005308849429818156,0.0005158726502015148,0.0005122900942919435,0.0005192714503458582,0.0005613642189369062
public_00282,0.000528400041427339,0.0004931248696929073,0.0004944618488004164,0.9974037028714765,0.0005219980268714843,0.0005583123417313746
public_00283,0.0995162206919512,0.05715473353881452,0.053103693821194405,0.1368551694890153,0.05599149049724334,0.5973786919617813
public_00284,0.0006716801965734517,0.9966061636722504,0.0006504605337214875,0.000646984311315623,0.0006905817822103537,0.0007341295039285845
public_00285,0.0014036975405438655,0.9919497470230418,0.0016965372096587761,0.0013455606236365968,0.001458912390930713,0.002145545212188305
public_00286,0.01065770425336772,0.9353729019434774,0.011389553470513283,0.01585610353715465,0.01091365104821133,0.015810085747275507
public_00287,0.25744943243703833,0.12707227306639463,0.1277480562474368,0.13024053303241254,0.130592319765363,0.22689738545135474
public_00288,0.07813770797335419,0.6041720228890503,0.07772134086711047,0.07531878996841605,0.08062510777336566,0.0840250305287035
public_00289,0.043797053361069024,0.27571665204410745,0.42229931583249575,0.17538736658992152,0.039493890124380704,0.043305722048025595
public_00290,0.011793243881895567,0.01713142102543711,0.9332644162592127,0.012029501757455473,0.012545585857421904,0.013235831218577333
public_00291,0.023027505658253018,0.03830541372175457,0.825473349900891,0.02310576178215514,0.024296171341637963,0.06579179759530839
public_00292,0.006287808090755744,0.9675281677379072,0.0061783864756489405,0.006065253917977124,0.006504916644219935,0.007435467133491393
